##########
Real Vision Mission single controller
Vision mission real, 1 agents.
 D_OPT = 2.000000 
 Collision avoidance = False 
 Magnitude control = BLS 
##########
2.1478e-02 -2.0145e-01 -7.0291e-01 2.6322e-01 1.0949e-04 -1.6226e-05 -1.4514e-04 0.0000e+00 0.0000e+00 0.0000e+00 0.0000e+00 0.0000e+00 0.0000e+00 -4.3321e-01 1.3957e+00 2.3783e+01 2.6035e+00 4.3261e+00 1.3767e+01 1.0000e+00 4.1509e-01 0.0000e+00 0.0000e+00 0.0000e+00 0.0000e+00 0.0000e+00 0.0000e+00 0.0000e+00 0.0000e+00 0.0000e+00 0.0000e+00 0.0000e+00 0.0000e+00 0.0000e+00 0.0000e+00 0.0000e+00 0.0000e+00 0.0000e+00 0.0000e+00 0.0000e+00 0.0000e+00 0.0000e+00 0.0000e+00 0.0000e+00 0.0000e+00
4.9933e-02 -2.0144e-01 -7.0291e-01 2.6321e-01 3.2812e-05 8.6263e-05 -2.0927e-04 0.0000e+00 0.0000e+00 0.0000e+00 0.0000e+00 0.0000e+00 0.0000e+00 -4.1383e-01 1.4140e+00 2.3790e+01 -2.8021e-01 1.4416e+00 1.3767e+01 1.0000e+00 4.1522e-01 0.0000e+00 0.0000e+00 0.0000e+00 0.0000e+00 0.0000e+00 0.0000e+00 0.0000e+00 0.0000e+00 0.0000e+00 0.0000e+00 0.0000e+00 0.0000e+00 0.0000e+00 0.0000e+00 0.0000e+00 0.0000e+00 0.0000e+00 0.0000e+00 0.0000e+00 0.0000e+00 0.0000e+00 0.0000e+00 0.0000e+00 0.0000e+00
7.8195e-02 -2.0146e-01 -7.0290e-01 2.6321e-01 -6.8478e-06 7.4827e-05 5.5782e-06 0.0000e+00 0.0000e+00 0.0000e+00 0.0000e+00 0.0000e+00 0.0000e+00 -4.2960e-01 1.3971e+00 2.3794e+01 -2.7160e-01 1.4624e+00 1.3766e+01 1.0000e+00 4.1528e-01 0.0000e+00 0.0000e+00 0.0000e+00 0.0000e+00 0.0000e+00 0.0000e+00 0.0000e+00 0.0000e+00 0.0000e+00 0.0000e+00 0.0000e+00 0.0000e+00 0.0000e+00 0.0000e+00 0.0000e+00 0.0000e+00 0.0000e+00 0.0000e+00 0.0000e+00 0.0000e+00 0.0000e+00 0.0000e+00 0.0000e+00 0.0000e+00
1.0760e-01 -2.0142e-01 -7.0292e-01 2.6320e-01 2.3851e-04 -1.9754e-04 -2.6650e-04 0.0000e+00 0.0000e+00 0.0000e+00 0.0000e+00 0.0000e+00 0.0000e+00 -4.3018e-01 1.4163e+00 2.3787e+01 -2.6461e-01 1.4840e+00 1.3767e+01 1.0000e+00 4.1516e-01 0.0000e+00 0.0000e+00 0.0000e+00 0.0000e+00 0.0000e+00 0.0000e+00 0.0000e+00 0.0000e+00 0.0000e+00 0.0000e+00 0.0000e+00 0.0000e+00 0.0000e+00 0.0000e+00 0.0000e+00 0.0000e+00 0.0000e+00 0.0000e+00 0.0000e+00 0.0000e+00 0.0000e+00 0.0000e+00 0.0000e+00 0.0000e+00
1.3602e-01 -2.0145e-01 -7.0291e-01 2.6321e-01 -6.8197e-05 2.4942e-06 -3.1237e-05 0.0000e+00 0.0000e+00 0.0000e+00 0.0000e+00 0.0000e+00 0.0000e+00 -4.3714e-01 1.4262e+00 2.3785e+01 -2.5483e-01 1.5038e+00 1.3767e+01 1.0000e+00 4.1513e-01 0.0000e+00 0.0000e+00 0.0000e+00 0.0000e+00 0.0000e+00 0.0000e+00 0.0000e+00 0.0000e+00 0.0000e+00 0.0000e+00 0.0000e+00 0.0000e+00 0.0000e+00 0.0000e+00 0.0000e+00 0.0000e+00 0.0000e+00 0.0000e+00 0.0000e+00 0.0000e+00 0.0000e+00 0.0000e+00 0.0000e+00 0.0000e+00
1.6477e-01 -2.0145e-01 -7.0291e-01 2.6322e-01 -8.4096e-05 -7.4406e-06 1.4982e-04 0.0000e+00 0.0000e+00 0.0000e+00 0.0000e+00 0.0000e+00 0.0000e+00 -4.1381e-01 1.4282e+00 2.3784e+01 -2.4648e-01 1.5245e+00 1.3766e+01 1.0000e+00 4.1510e-01 0.0000e+00 0.0000e+00 0.0000e+00 0.0000e+00 0.0000e+00 0.0000e+00 0.0000e+00 0.0000e+00 0.0000e+00 0.0000e+00 0.0000e+00 0.0000e+00 0.0000e+00 0.0000e+00 0.0000e+00 0.0000e+00 0.0000e+00 0.0000e+00 0.0000e+00 0.0000e+00 0.0000e+00 0.0000e+00 0.0000e+00 0.0000e+00
1.9300e-01 -2.0143e-01 -7.0291e-01 2.6325e-01 2.5015e-04 -9.7177e-05 3.9582e-04 0.0000e+00 0.0000e+00 0.0000e+00 0.0000e+00 0.0000e+00 0.0000e+00 -4.4380e-01 1.3687e+00 2.3780e+01 -2.3966e-01 1.5454e+00 1.3766e+01 1.0000e+00 4.1505e-01 0.0000e+00 0.0000e+00 0.0000e+00 0.0000e+00 0.0000e+00 0.0000e+00 0.0000e+00 0.0000e+00 0.0000e+00 0.0000e+00 0.0000e+00 0.0000e+00 0.0000e+00 0.0000e+00 0.0000e+00 0.0000e+00 0.0000e+00 0.0000e+00 0.0000e+00 0.0000e+00 0.0000e+00 0.0000e+00 0.0000e+00 0.0000e+00
2.2117e-01 -2.0146e-01 -7.0291e-01 2.6321e-01 -3.3395e-04 1.4194e-04 4.1289e-05 0.0000e+00 0.0000e+00 0.0000e+00 0.0000e+00 0.0000e+00 0.0000e+00 -4.2896e-01 1.4224e+00 2.3804e+01 -2.2887e-01 1.5650e+00 1.3766e+01 1.0000e+00 4.1546e-01 0.0000e+00 0.0000e+00 0.0000e+00 0.0000e+00 0.0000e+00 0.0000e+00 0.0000e+00 0.0000e+00 0.0000e+00 0.0000e+00 0.0000e+00 0.0000e+00 0.0000e+00 0.0000e+00 0.0000e+00 0.0000e+00 0.0000e+00 0.0000e+00 0.0000e+00 0.0000e+00 0.0000e+00 0.0000e+00 0.0000e+00 0.0000e+00
2.4974e-01 -2.0145e-01 -7.0292e-01 2.6318e-01 3.3618e-06 -6.9026e-05 -2.5539e-04 0.0000e+00 0.0000e+00 0.0000e+00 0.0000e+00 0.0000e+00 0.0000e+00 -4.1223e-01 1.4373e+00 2.3787e+01 -2.2195e-01 1.5865e+00 1.3767e+01 1.0000e+00 4.1516e-01 0.0000e+00 0.0000e+00 0.0000e+00 0.0000e+00 0.0000e+00 0.0000e+00 0.0000e+00 0.0000e+00 0.0000e+00 0.0000e+00 0.0000e+00 0.0000e+00 0.0000e+00 0.0000e+00 0.0000e+00 0.0000e+00 0.0000e+00 0.0000e+00 0.0000e+00 0.0000e+00 0.0000e+00 0.0000e+00 0.0000e+00 0.0000e+00
2.7834e-01 -2.0146e-01 -7.0291e-01 2.6326e-01 -1.1241e-04 2.2309e-05 2.8590e-04 0.0000e+00 0.0000e+00 0.0000e+00 0.0000e+00 0.0000e+00 0.0000e+00 -4.1397e-01 1.3966e+00 2.3800e+01 -2.1311e-01 1.6067e+00 1.3766e+01 1.0000e+00 4.1539e-01 0.0000e+00 0.0000e+00 0.0000e+00 0.0000e+00 0.0000e+00 0.0000e+00 0.0000e+00 0.0000e+00 0.0000e+00 0.0000e+00 0.0000e+00 0.0000e+00 0.0000e+00 0.0000e+00 0.0000e+00 0.0000e+00 0.0000e+00 0.0000e+00 0.0000e+00 0.0000e+00 0.0000e+00 0.0000e+00 0.0000e+00 0.0000e+00
3.0731e-01 -2.0143e-01 -7.0291e-01 2.6322e-01 1.1434e-05 4.4627e-05 -3.2995e-04 0.0000e+00 0.0000e+00 0.0000e+00 0.0000e+00 0.0000e+00 0.0000e+00 -4.0969e-01 1.4165e+00 2.3794e+01 -2.0550e-01 1.6272e+00 1.3767e+01 1.0000e+00 4.1528e-01 0.0000e+00 0.0000e+00 0.0000e+00 0.0000e+00 0.0000e+00 0.0000e+00 0.0000e+00 0.0000e+00 0.0000e+00 0.0000e+00 0.0000e+00 0.0000e+00 0.0000e+00 0.0000e+00 0.0000e+00 0.0000e+00 0.0000e+00 0.0000e+00 0.0000e+00 0.0000e+00 0.0000e+00 0.0000e+00 0.0000e+00 0.0000e+00
3.3603e-01 -2.0145e-01 -7.0290e-01 2.6325e-01 4.7136e-05 5.0868e-05 3.6767e-04 0.0000e+00 0.0000e+00 0.0000e+00 0.0000e+00 0.0000e+00 0.0000e+00 -4.1998e-01 1.3991e+00 2.3792e+01 -1.9724e-01 1.6478e+00 1.3766e+01 1.0000e+00 4.1524e-01 0.0000e+00 0.0000e+00 0.0000e+00 0.0000e+00 0.0000e+00 0.0000e+00 0.0000e+00 0.0000e+00 0.0000e+00 0.0000e+00 0.0000e+00 0.0000e+00 0.0000e+00 0.0000e+00 0.0000e+00 0.0000e+00 0.0000e+00 0.0000e+00 0.0000e+00 0.0000e+00 0.0000e+00 0.0000e+00 0.0000e+00 0.0000e+00
3.6443e-01 -2.0147e-01 -7.0291e-01 2.6321e-01 -1.5779e-04 6.4547e-05 2.1301e-04 0.0000e+00 0.0000e+00 0.0000e+00 0.0000e+00 0.0000e+00 0.0000e+00 -4.4416e-01 1.4069e+00 2.3802e+01 -1.8798e-01 1.6683e+00 1.3766e+01 1.0000e+00 4.1542e-01 0.0000e+00 0.0000e+00 0.0000e+00 0.0000e+00 0.0000e+00 0.0000e+00 0.0000e+00 0.0000e+00 0.0000e+00 0.0000e+00 0.0000e+00 0.0000e+00 0.0000e+00 0.0000e+00 0.0000e+00 0.0000e+00 0.0000e+00 0.0000e+00 0.0000e+00 0.0000e+00 0.0000e+00 0.0000e+00 0.0000e+00 0.0000e+00
3.9279e-01 -2.0146e-01 -7.0290e-01 2.6322e-01 7.7660e-05 1.8879e-05 -3.1781e-04 0.0000e+00 0.0000e+00 0.0000e+00 0.0000e+00 0.0000e+00 0.0000e+00 -4.5205e-01 1.4111e+00 2.3791e+01 -1.8072e-01 1.6891e+00 1.3767e+01 1.0000e+00 4.1522e-01 0.0000e+00 0.0000e+00 0.0000e+00 0.0000e+00 0.0000e+00 0.0000e+00 0.0000e+00 0.0000e+00 0.0000e+00 0.0000e+00 0.0000e+00 0.0000e+00 0.0000e+00 0.0000e+00 0.0000e+00 0.0000e+00 0.0000e+00 0.0000e+00 0.0000e+00 0.0000e+00 0.0000e+00 0.0000e+00 0.0000e+00 0.0000e+00
4.2139e-01 -2.0148e-01 -7.0289e-01 2.6321e-01 -3.7201e-04 1.5787e-04 -4.5633e-05 0.0000e+00 0.0000e+00 0.0000e+00 0.0000e+00 0.0000e+00 0.0000e+00 -4.2987e-01 1.4101e+00 2.3811e+01 -1.7049e-01 1.7091e+00 1.3767e+01 1.0000e+00 4.1559e-01 0.0000e+00 0.0000e+00 0.0000e+00 0.0000e+00 0.0000e+00 0.0000e+00 0.0000e+00 0.0000e+00 0.0000e+00 0.0000e+00 0.0000e+00 0.0000e+00 0.0000e+00 0.0000e+00 0.0000e+00 0.0000e+00 0.0000e+00 0.0000e+00 0.0000e+00 0.0000e+00 0.0000e+00 0.0000e+00 0.0000e+00 0.0000e+00
4.5004e-01 -2.0145e-01 -7.0290e-01 2.6324e-01 3.4223e-05 2.2068e-05 -6.9679e-05 0.0000e+00 0.0000e+00 0.0000e+00 0.0000e+00 0.0000e+00 0.0000e+00 -4.4781e-01 1.3975e+00 2.3795e+01 -1.6400e-01 1.7303e+00 1.3767e+01 1.0000e+00 4.1530e-01 0.0000e+00 0.0000e+00 0.0000e+00 0.0000e+00 0.0000e+00 0.0000e+00 0.0000e+00 0.0000e+00 0.0000e+00 0.0000e+00 0.0000e+00 0.0000e+00 0.0000e+00 0.0000e+00 0.0000e+00 0.0000e+00 0.0000e+00 0.0000e+00 0.0000e+00 0.0000e+00 0.0000e+00 0.0000e+00 0.0000e+00 0.0000e+00
4.7857e-01 -2.0145e-01 -7.0290e-01 2.6321e-01 1.5240e-04 5.7058e-05 -6.3301e-06 0.0000e+00 0.0000e+00 0.0000e+00 0.0000e+00 0.0000e+00 0.0000e+00 -4.2755e-01 1.4225e+00 2.3799e+01 -1.5615e-01 1.7507e+00 1.3766e+01 1.0000e+00 4.1537e-01 0.0000e+00 0.0000e+00 0.0000e+00 0.0000e+00 0.0000e+00 0.0000e+00 0.0000e+00 0.0000e+00 0.0000e+00 0.0000e+00 0.0000e+00 0.0000e+00 0.0000e+00 0.0000e+00 0.0000e+00 0.0000e+00 0.0000e+00 0.0000e+00 0.0000e+00 0.0000e+00 0.0000e+00 0.0000e+00 0.0000e+00 0.0000e+00
5.0740e-01 -2.0146e-01 -7.0292e-01 2.6320e-01 -6.2270e-05 -1.4415e-04 -1.9237e-04 0.0000e+00 0.0000e+00 0.0000e+00 0.0000e+00 0.0000e+00 0.0000e+00 -4.4313e-01 1.4121e+00 2.3788e+01 -1.4691e-01 1.7722e+00 1.3767e+01 1.0000e+00 4.1519e-01 0.0000e+00 0.0000e+00 0.0000e+00 0.0000e+00 0.0000e+00 0.0000e+00 0.0000e+00 0.0000e+00 0.0000e+00 0.0000e+00 0.0000e+00 0.0000e+00 0.0000e+00 0.0000e+00 0.0000e+00 0.0000e+00 0.0000e+00 0.0000e+00 0.0000e+00 0.0000e+00 0.0000e+00 0.0000e+00 0.0000e+00 0.0000e+00
5.3593e-01 -2.0144e-01 -7.0291e-01 2.6322e-01 2.9640e-04 -1.9003e-04 1.1410e-04 0.0000e+00 0.0000e+00 0.0000e+00 0.0000e+00 0.0000e+00 0.0000e+00 -4.1985e-01 1.4324e+00 2.3786e+01 -1.4018e-01 1.7930e+00 1.3766e+01 1.0000e+00 4.1514e-01 0.0000e+00 0.0000e+00 0.0000e+00 0.0000e+00 0.0000e+00 0.0000e+00 0.0000e+00 0.0000e+00 0.0000e+00 0.0000e+00 0.0000e+00 0.0000e+00 0.0000e+00 0.0000e+00 0.0000e+00 0.0000e+00 0.0000e+00 0.0000e+00 0.0000e+00 0.0000e+00 0.0000e+00 0.0000e+00 0.0000e+00 0.0000e+00
5.6447e-01 -2.0144e-01 -7.0291e-01 2.6321e-01 2.3866e-05 -1.1265e-04 -2.7225e-04 0.0000e+00 0.0000e+00 0.0000e+00 0.0000e+00 0.0000e+00 0.0000e+00 -4.5625e-01 1.4085e+00 2.3785e+01 -1.3078e-01 1.8133e+00 1.3767e+01 1.0000e+00 4.1512e-01 0.0000e+00 0.0000e+00 0.0000e+00 0.0000e+00 0.0000e+00 0.0000e+00 0.0000e+00 0.0000e+00 0.0000e+00 0.0000e+00 0.0000e+00 0.0000e+00 0.0000e+00 0.0000e+00 0.0000e+00 0.0000e+00 0.0000e+00 0.0000e+00 0.0000e+00 0.0000e+00 0.0000e+00 0.0000e+00 0.0000e+00 0.0000e+00
5.9251e-01 -2.0145e-01 -7.0289e-01 2.6324e-01 1.0422e-05 8.8578e-05 2.5985e-04 0.0000e+00 0.0000e+00 0.0000e+00 0.0000e+00 0.0000e+00 0.0000e+00 -4.1258e-01 1.4135e+00 2.3795e+01 -1.2238e-01 1.8330e+00 1.3766e+01 1.0000e+00 4.1530e-01 0.0000e+00 0.0000e+00 0.0000e+00 0.0000e+00 0.0000e+00 0.0000e+00 0.0000e+00 0.0000e+00 0.0000e+00 0.0000e+00 0.0000e+00 0.0000e+00 0.0000e+00 0.0000e+00 0.0000e+00 0.0000e+00 0.0000e+00 0.0000e+00 0.0000e+00 0.0000e+00 0.0000e+00 0.0000e+00 0.0000e+00 0.0000e+00
