##########
FireflyVisionMission
Vision mission simulation, 1 agents.
 D_OPT = 6.000000 
 Collision avoidance = True 
 Magnitude control = BLS
##########
2.3592e+01 0.0000e+00 0.0000e+00 9.1473e-04 0.0000e+00 0.0000e+00 2.1521e-04 0.0000e+00 0.0000e+00 0.0000e+00 0.0000e+00 0.0000e+00 0.0000e+00 0.0000e+00 -0.0000e+00 0.0000e+00 0.0000e+00 0.0000e+00 1.4146e+01 1.0000e+00 0.0000e+00 0.0000e+00 0.0000e+00 0.0000e+00 0.0000e+00 0.0000e+00 0.0000e+00 0.0000e+00 0.0000e+00 0.0000e+00 0.0000e+00 0.0000e+00 0.0000e+00 0.0000e+00 0.0000e+00 0.0000e+00 0.0000e+00 9.0000e+00 0.0000e+00 -3.0000e+00 -1.0000e+00 0.0000e+00 -2.0000e+00 -1.0000e+00 0.0000e+00 -1.0000e+00 -1.0000e+00 0.0000e+00 1.5708e+00 -3.0616e-17 1.1832e+00 3.6137e-01 1.0472e+00 0.0000e+00
2.3621e+01 0.0000e+00 0.0000e+00 9.2115e-04 0.0000e+00 0.0000e+00 2.1238e-04 0.0000e+00 0.0000e+00 0.0000e+00 0.0000e+00 0.0000e+00 0.0000e+00 0.0000e+00 -0.0000e+00 0.0000e+00 0.0000e+00 0.0000e+00 1.4146e+01 1.0000e+00 0.0000e+00 0.0000e+00 0.0000e+00 0.0000e+00 0.0000e+00 0.0000e+00 0.0000e+00 0.0000e+00 0.0000e+00 0.0000e+00 0.0000e+00 0.0000e+00 0.0000e+00 0.0000e+00 0.0000e+00 0.0000e+00 0.0000e+00 9.0000e+00 0.0000e+00 -3.0000e+00 -1.0000e+00 0.0000e+00 -2.0000e+00 -1.0000e+00 0.0000e+00 -1.0000e+00 -1.0000e+00 0.0000e+00 1.5708e+00 -3.0616e-17 1.1832e+00 3.6137e-01 1.0472e+00 0.0000e+00
2.3649e+01 0.0000e+00 0.0000e+00 9.2748e-04 0.0000e+00 0.0000e+00 2.0960e-04 0.0000e+00 0.0000e+00 0.0000e+00 0.0000e+00 0.0000e+00 0.0000e+00 0.0000e+00 -0.0000e+00 0.0000e+00 0.0000e+00 0.0000e+00 1.4146e+01 1.0000e+00 0.0000e+00 0.0000e+00 0.0000e+00 0.0000e+00 0.0000e+00 0.0000e+00 0.0000e+00 0.0000e+00 0.0000e+00 0.0000e+00 0.0000e+00 0.0000e+00 0.0000e+00 0.0000e+00 0.0000e+00 0.0000e+00 0.0000e+00 9.0000e+00 0.0000e+00 -3.0000e+00 -1.0000e+00 0.0000e+00 -2.0000e+00 -1.0000e+00 0.0000e+00 -1.0000e+00 -1.0000e+00 0.0000e+00 1.5708e+00 -3.0616e-17 1.1832e+00 3.6137e-01 1.0472e+00 0.0000e+00
2.3678e+01 0.0000e+00 0.0000e+00 9.3372e-04 0.0000e+00 0.0000e+00 2.0685e-04 0.0000e+00 0.0000e+00 0.0000e+00 0.0000e+00 0.0000e+00 0.0000e+00 0.0000e+00 -0.0000e+00 0.0000e+00 0.0000e+00 0.0000e+00 1.4146e+01 1.0000e+00 0.0000e+00 0.0000e+00 0.0000e+00 0.0000e+00 0.0000e+00 0.0000e+00 0.0000e+00 0.0000e+00 0.0000e+00 0.0000e+00 0.0000e+00 0.0000e+00 0.0000e+00 0.0000e+00 0.0000e+00 0.0000e+00 0.0000e+00 9.0000e+00 0.0000e+00 -3.0000e+00 -1.0000e+00 0.0000e+00 -2.0000e+00 -1.0000e+00 0.0000e+00 -1.0000e+00 -1.0000e+00 0.0000e+00 1.5708e+00 -3.0616e-17 1.1832e+00 3.6137e-01 1.0472e+00 0.0000e+00
2.3707e+01 0.0000e+00 0.0000e+00 9.3989e-04 0.0000e+00 0.0000e+00 2.0413e-04 0.0000e+00 0.0000e+00 0.0000e+00 0.0000e+00 0.0000e+00 0.0000e+00 0.0000e+00 -0.0000e+00 0.0000e+00 0.0000e+00 0.0000e+00 1.4146e+01 1.0000e+00 0.0000e+00 0.0000e+00 0.0000e+00 0.0000e+00 0.0000e+00 0.0000e+00 0.0000e+00 0.0000e+00 0.0000e+00 0.0000e+00 0.0000e+00 0.0000e+00 0.0000e+00 0.0000e+00 0.0000e+00 0.0000e+00 0.0000e+00 9.0000e+00 0.0000e+00 -3.0000e+00 -1.0000e+00 0.0000e+00 -2.0000e+00 -1.0000e+00 0.0000e+00 -1.0000e+00 -1.0000e+00 0.0000e+00 1.5708e+00 -3.0616e-17 1.1832e+00 3.6137e-01 1.0472e+00 0.0000e+00
2.3735e+01 0.0000e+00 0.0000e+00 9.4597e-04 0.0000e+00 0.0000e+00 2.0146e-04 0.0000e+00 0.0000e+00 0.0000e+00 0.0000e+00 0.0000e+00 0.0000e+00 0.0000e+00 -0.0000e+00 0.0000e+00 0.0000e+00 0.0000e+00 1.4146e+01 1.0000e+00 0.0000e+00 0.0000e+00 0.0000e+00 0.0000e+00 0.0000e+00 0.0000e+00 0.0000e+00 0.0000e+00 0.0000e+00 0.0000e+00 0.0000e+00 0.0000e+00 0.0000e+00 0.0000e+00 0.0000e+00 0.0000e+00 0.0000e+00 9.0000e+00 0.0000e+00 -3.0000e+00 -1.0000e+00 0.0000e+00 -2.0000e+00 -1.0000e+00 0.0000e+00 -1.0000e+00 -1.0000e+00 0.0000e+00 1.5708e+00 -3.0616e-17 1.1832e+00 3.6137e-01 1.0472e+00 0.0000e+00
2.3763e+01 0.0000e+00 0.0000e+00 9.5197e-04 0.0000e+00 0.0000e+00 1.9882e-04 0.0000e+00 0.0000e+00 0.0000e+00 0.0000e+00 0.0000e+00 0.0000e+00 0.0000e+00 -0.0000e+00 0.0000e+00 0.0000e+00 0.0000e+00 1.4146e+01 1.0000e+00 0.0000e+00 0.0000e+00 0.0000e+00 0.0000e+00 0.0000e+00 0.0000e+00 0.0000e+00 0.0000e+00 0.0000e+00 0.0000e+00 0.0000e+00 0.0000e+00 0.0000e+00 0.0000e+00 0.0000e+00 0.0000e+00 0.0000e+00 9.0000e+00 0.0000e+00 -3.0000e+00 -1.0000e+00 0.0000e+00 -2.0000e+00 -1.0000e+00 0.0000e+00 -1.0000e+00 -1.0000e+00 0.0000e+00 1.5708e+00 -3.0616e-17 1.1832e+00 3.6137e-01 1.0472e+00 0.0000e+00
2.3792e+01 0.0000e+00 0.0000e+00 9.5790e-04 0.0000e+00 0.0000e+00 1.9622e-04 0.0000e+00 0.0000e+00 0.0000e+00 0.0000e+00 0.0000e+00 0.0000e+00 0.0000e+00 -0.0000e+00 0.0000e+00 0.0000e+00 0.0000e+00 1.4146e+01 1.0000e+00 0.0000e+00 0.0000e+00 0.0000e+00 0.0000e+00 0.0000e+00 0.0000e+00 0.0000e+00 0.0000e+00 0.0000e+00 0.0000e+00 0.0000e+00 0.0000e+00 0.0000e+00 0.0000e+00 0.0000e+00 0.0000e+00 0.0000e+00 9.0000e+00 0.0000e+00 -3.0000e+00 -1.0000e+00 0.0000e+00 -2.0000e+00 -1.0000e+00 0.0000e+00 -1.0000e+00 -1.0000e+00 0.0000e+00 1.5708e+00 -3.0616e-17 1.1832e+00 3.6137e-01 1.0472e+00 0.0000e+00
2.3821e+01 0.0000e+00 0.0000e+00 9.6181e-04 0.0000e+00 0.0000e+00 1.9449e-04 0.0000e+00 0.0000e+00 0.0000e+00 0.0000e+00 0.0000e+00 0.0000e+00 0.0000e+00 -0.0000e+00 0.0000e+00 0.0000e+00 0.0000e+00 1.4146e+01 1.0000e+00 0.0000e+00 0.0000e+00 0.0000e+00 0.0000e+00 0.0000e+00 0.0000e+00 0.0000e+00 0.0000e+00 0.0000e+00 0.0000e+00 0.0000e+00 0.0000e+00 0.0000e+00 0.0000e+00 0.0000e+00 0.0000e+00 0.0000e+00 9.0000e+00 0.0000e+00 -3.0000e+00 -1.0000e+00 0.0000e+00 -2.0000e+00 -1.0000e+00 0.0000e+00 -1.0000e+00 -1.0000e+00 0.0000e+00 1.5708e+00 -3.0616e-17 1.1832e+00 3.6137e-01 1.0472e+00 0.0000e+00
2.3849e+01 0.0000e+00 0.0000e+00 9.6760e-04 0.0000e+00 0.0000e+00 1.9193e-04 0.0000e+00 0.0000e+00 0.0000e+00 0.0000e+00 0.0000e+00 0.0000e+00 0.0000e+00 -0.0000e+00 0.0000e+00 0.0000e+00 0.0000e+00 1.4146e+01 1.0000e+00 0.0000e+00 0.0000e+00 0.0000e+00 0.0000e+00 0.0000e+00 0.0000e+00 0.0000e+00 0.0000e+00 0.0000e+00 0.0000e+00 0.0000e+00 0.0000e+00 0.0000e+00 0.0000e+00 0.0000e+00 0.0000e+00 0.0000e+00 9.0000e+00 0.0000e+00 -3.0000e+00 -1.0000e+00 0.0000e+00 -2.0000e+00 -1.0000e+00 0.0000e+00 -1.0000e+00 -1.0000e+00 0.0000e+00 1.5708e+00 -3.0616e-17 1.1832e+00 3.6137e-01 1.0472e+00 0.0000e+00
2.3878e+01 0.0000e+00 0.0000e+00 9.7332e-04 0.0000e+00 0.0000e+00 1.8941e-04 0.0000e+00 0.0000e+00 0.0000e+00 0.0000e+00 0.0000e+00 0.0000e+00 0.0000e+00 -0.0000e+00 0.0000e+00 0.0000e+00 0.0000e+00 1.4146e+01 1.0000e+00 0.0000e+00 0.0000e+00 0.0000e+00 0.0000e+00 0.0000e+00 0.0000e+00 0.0000e+00 0.0000e+00 0.0000e+00 0.0000e+00 0.0000e+00 0.0000e+00 0.0000e+00 0.0000e+00 0.0000e+00 0.0000e+00 0.0000e+00 9.0000e+00 0.0000e+00 -3.0000e+00 -1.0000e+00 0.0000e+00 -2.0000e+00 -1.0000e+00 0.0000e+00 -1.0000e+00 -1.0000e+00 0.0000e+00 1.5708e+00 -3.0616e-17 1.1832e+00 3.6137e-01 1.0472e+00 0.0000e+00
2.3907e+01 0.0000e+00 0.0000e+00 9.7897e-04 0.0000e+00 0.0000e+00 1.8692e-04 0.0000e+00 0.0000e+00 0.0000e+00 0.0000e+00 0.0000e+00 0.0000e+00 0.0000e+00 -0.0000e+00 0.0000e+00 0.0000e+00 0.0000e+00 1.4146e+01 1.0000e+00 0.0000e+00 0.0000e+00 0.0000e+00 0.0000e+00 0.0000e+00 0.0000e+00 0.0000e+00 0.0000e+00 0.0000e+00 0.0000e+00 0.0000e+00 0.0000e+00 0.0000e+00 0.0000e+00 0.0000e+00 0.0000e+00 0.0000e+00 9.0000e+00 0.0000e+00 -3.0000e+00 -1.0000e+00 0.0000e+00 -2.0000e+00 -1.0000e+00 0.0000e+00 -1.0000e+00 -1.0000e+00 0.0000e+00 1.5708e+00 -3.0616e-17 1.1832e+00 3.6137e-01 1.0472e+00 0.0000e+00
2.3935e+01 0.0000e+00 0.0000e+00 9.8454e-04 0.0000e+00 0.0000e+00 1.8447e-04 0.0000e+00 0.0000e+00 0.0000e+00 0.0000e+00 0.0000e+00 0.0000e+00 0.0000e+00 -0.0000e+00 0.0000e+00 0.0000e+00 0.0000e+00 1.4146e+01 1.0000e+00 0.0000e+00 0.0000e+00 0.0000e+00 0.0000e+00 0.0000e+00 0.0000e+00 0.0000e+00 0.0000e+00 0.0000e+00 0.0000e+00 0.0000e+00 0.0000e+00 0.0000e+00 0.0000e+00 0.0000e+00 0.0000e+00 0.0000e+00 9.0000e+00 0.0000e+00 -3.0000e+00 -1.0000e+00 0.0000e+00 -2.0000e+00 -1.0000e+00 0.0000e+00 -1.0000e+00 -1.0000e+00 0.0000e+00 1.5708e+00 -3.0616e-17 1.1832e+00 3.6137e-01 1.0472e+00 0.0000e+00
2.3963e+01 0.0000e+00 0.0000e+00 9.9004e-04 0.0000e+00 0.0000e+00 1.8205e-04 0.0000e+00 0.0000e+00 0.0000e+00 0.0000e+00 0.0000e+00 0.0000e+00 0.0000e+00 -0.0000e+00 0.0000e+00 0.0000e+00 0.0000e+00 1.4146e+01 1.0000e+00 0.0000e+00 0.0000e+00 0.0000e+00 0.0000e+00 0.0000e+00 0.0000e+00 0.0000e+00 0.0000e+00 0.0000e+00 0.0000e+00 0.0000e+00 0.0000e+00 0.0000e+00 0.0000e+00 0.0000e+00 0.0000e+00 0.0000e+00 9.0000e+00 0.0000e+00 -3.0000e+00 -1.0000e+00 0.0000e+00 -2.0000e+00 -1.0000e+00 0.0000e+00 -1.0000e+00 -1.0000e+00 0.0000e+00 1.5708e+00 -3.0616e-17 1.1832e+00 3.6137e-01 1.0472e+00 0.0000e+00
2.3992e+01 0.0000e+00 0.0000e+00 9.9366e-04 0.0000e+00 0.0000e+00 1.8046e-04 0.0000e+00 0.0000e+00 0.0000e+00 0.0000e+00 0.0000e+00 0.0000e+00 0.0000e+00 -0.0000e+00 0.0000e+00 0.0000e+00 0.0000e+00 1.4146e+01 1.0000e+00 0.0000e+00 0.0000e+00 0.0000e+00 0.0000e+00 0.0000e+00 0.0000e+00 0.0000e+00 0.0000e+00 0.0000e+00 0.0000e+00 0.0000e+00 0.0000e+00 0.0000e+00 0.0000e+00 0.0000e+00 0.0000e+00 0.0000e+00 9.0000e+00 0.0000e+00 -3.0000e+00 -1.0000e+00 0.0000e+00 -2.0000e+00 -1.0000e+00 0.0000e+00 -1.0000e+00 -1.0000e+00 0.0000e+00 1.5708e+00 -3.0616e-17 1.1832e+00 3.6137e-01 1.0472e+00 0.0000e+00
2.4021e+01 0.0000e+00 0.0000e+00 9.9904e-04 0.0000e+00 0.0000e+00 1.7807e-04 0.0000e+00 0.0000e+00 0.0000e+00 0.0000e+00 0.0000e+00 0.0000e+00 0.0000e+00 -0.0000e+00 0.0000e+00 0.0000e+00 0.0000e+00 1.4146e+01 1.0000e+00 0.0000e+00 0.0000e+00 0.0000e+00 0.0000e+00 0.0000e+00 0.0000e+00 0.0000e+00 0.0000e+00 0.0000e+00 0.0000e+00 0.0000e+00 0.0000e+00 0.0000e+00 0.0000e+00 0.0000e+00 0.0000e+00 0.0000e+00 9.0000e+00 0.0000e+00 -3.0000e+00 -1.0000e+00 0.0000e+00 -2.0000e+00 -1.0000e+00 0.0000e+00 -1.0000e+00 -1.0000e+00 0.0000e+00 1.5708e+00 -3.0616e-17 1.1832e+00 3.6137e-01 1.0472e+00 0.0000e+00
2.4049e+01 0.0000e+00 0.0000e+00 1.0043e-03 0.0000e+00 0.0000e+00 1.7573e-04 0.0000e+00 0.0000e+00 0.0000e+00 0.0000e+00 0.0000e+00 0.0000e+00 0.0000e+00 -0.0000e+00 0.0000e+00 0.0000e+00 0.0000e+00 1.4146e+01 1.0000e+00 0.0000e+00 0.0000e+00 0.0000e+00 0.0000e+00 0.0000e+00 0.0000e+00 0.0000e+00 0.0000e+00 0.0000e+00 0.0000e+00 0.0000e+00 0.0000e+00 0.0000e+00 0.0000e+00 0.0000e+00 0.0000e+00 0.0000e+00 9.0000e+00 0.0000e+00 -3.0000e+00 -1.0000e+00 0.0000e+00 -2.0000e+00 -1.0000e+00 0.0000e+00 -1.0000e+00 -1.0000e+00 0.0000e+00 1.5708e+00 -3.0616e-17 1.1832e+00 3.6137e-01 1.0472e+00 0.0000e+00
2.4078e+01 0.0000e+00 0.0000e+00 1.0096e-03 0.0000e+00 0.0000e+00 1.7342e-04 0.0000e+00 0.0000e+00 0.0000e+00 0.0000e+00 0.0000e+00 0.0000e+00 0.0000e+00 -0.0000e+00 0.0000e+00 0.0000e+00 0.0000e+00 1.4146e+01 1.0000e+00 0.0000e+00 0.0000e+00 0.0000e+00 0.0000e+00 0.0000e+00 0.0000e+00 0.0000e+00 0.0000e+00 0.0000e+00 0.0000e+00 0.0000e+00 0.0000e+00 0.0000e+00 0.0000e+00 0.0000e+00 0.0000e+00 0.0000e+00 9.0000e+00 0.0000e+00 -3.0000e+00 -1.0000e+00 0.0000e+00 -2.0000e+00 -1.0000e+00 0.0000e+00 -1.0000e+00 -1.0000e+00 0.0000e+00 1.5708e+00 -3.0616e-17 1.1832e+00 3.6137e-01 1.0472e+00 0.0000e+00
2.4107e+01 0.0000e+00 0.0000e+00 1.0148e-03 0.0000e+00 0.0000e+00 1.7113e-04 0.0000e+00 0.0000e+00 0.0000e+00 0.0000e+00 0.0000e+00 0.0000e+00 0.0000e+00 -0.0000e+00 0.0000e+00 0.0000e+00 0.0000e+00 1.4146e+01 1.0000e+00 0.0000e+00 0.0000e+00 0.0000e+00 0.0000e+00 0.0000e+00 0.0000e+00 0.0000e+00 0.0000e+00 0.0000e+00 0.0000e+00 0.0000e+00 0.0000e+00 0.0000e+00 0.0000e+00 0.0000e+00 0.0000e+00 0.0000e+00 9.0000e+00 0.0000e+00 -3.0000e+00 -1.0000e+00 0.0000e+00 -2.0000e+00 -1.0000e+00 0.0000e+00 -1.0000e+00 -1.0000e+00 0.0000e+00 1.5708e+00 -3.0616e-17 1.1832e+00 3.6137e-01 1.0472e+00 0.0000e+00
2.4135e+01 0.0000e+00 0.0000e+00 1.0199e-03 0.0000e+00 0.0000e+00 1.6888e-04 0.0000e+00 0.0000e+00 0.0000e+00 0.0000e+00 0.0000e+00 0.0000e+00 0.0000e+00 -0.0000e+00 0.0000e+00 0.0000e+00 0.0000e+00 1.4146e+01 1.0000e+00 0.0000e+00 0.0000e+00 0.0000e+00 0.0000e+00 0.0000e+00 0.0000e+00 0.0000e+00 0.0000e+00 0.0000e+00 0.0000e+00 0.0000e+00 0.0000e+00 0.0000e+00 0.0000e+00 0.0000e+00 0.0000e+00 0.0000e+00 9.0000e+00 0.0000e+00 -3.0000e+00 -1.0000e+00 0.0000e+00 -2.0000e+00 -1.0000e+00 0.0000e+00 -1.0000e+00 -1.0000e+00 0.0000e+00 1.5708e+00 -3.0616e-17 1.1832e+00 3.6137e-01 1.0472e+00 0.0000e+00
2.4165e+01 0.0000e+00 0.0000e+00 1.0249e-03 0.0000e+00 0.0000e+00 1.6666e-04 0.0000e+00 0.0000e+00 0.0000e+00 0.0000e+00 0.0000e+00 0.0000e+00 0.0000e+00 -0.0000e+00 0.0000e+00 0.0000e+00 0.0000e+00 1.4146e+01 1.0000e+00 0.0000e+00 0.0000e+00 0.0000e+00 0.0000e+00 0.0000e+00 0.0000e+00 0.0000e+00 0.0000e+00 0.0000e+00 0.0000e+00 0.0000e+00 0.0000e+00 0.0000e+00 0.0000e+00 0.0000e+00 0.0000e+00 0.0000e+00 9.0000e+00 0.0000e+00 -3.0000e+00 -1.0000e+00 0.0000e+00 -2.0000e+00 -1.0000e+00 0.0000e+00 -1.0000e+00 -1.0000e+00 0.0000e+00 1.5708e+00 -3.0616e-17 1.1832e+00 3.6137e-01 1.0472e+00 0.0000e+00
2.4192e+01 0.0000e+00 0.0000e+00 1.0282e-03 0.0000e+00 0.0000e+00 1.6520e-04 0.0000e+00 0.0000e+00 0.0000e+00 0.0000e+00 0.0000e+00 0.0000e+00 0.0000e+00 -0.0000e+00 0.0000e+00 0.0000e+00 0.0000e+00 1.4146e+01 1.0000e+00 0.0000e+00 0.0000e+00 0.0000e+00 0.0000e+00 0.0000e+00 0.0000e+00 0.0000e+00 0.0000e+00 0.0000e+00 0.0000e+00 0.0000e+00 0.0000e+00 0.0000e+00 0.0000e+00 0.0000e+00 0.0000e+00 0.0000e+00 9.0000e+00 0.0000e+00 -3.0000e+00 -1.0000e+00 0.0000e+00 -2.0000e+00 -1.0000e+00 0.0000e+00 -1.0000e+00 -1.0000e+00 0.0000e+00 1.5708e+00 -3.0616e-17 1.1832e+00 3.6137e-01 1.0472e+00 0.0000e+00
2.4221e+01 0.0000e+00 0.0000e+00 1.0331e-03 0.0000e+00 0.0000e+00 1.6302e-04 0.0000e+00 0.0000e+00 0.0000e+00 0.0000e+00 0.0000e+00 0.0000e+00 0.0000e+00 -0.0000e+00 0.0000e+00 0.0000e+00 0.0000e+00 1.4146e+01 1.0000e+00 0.0000e+00 0.0000e+00 0.0000e+00 0.0000e+00 0.0000e+00 0.0000e+00 0.0000e+00 0.0000e+00 0.0000e+00 0.0000e+00 0.0000e+00 0.0000e+00 0.0000e+00 0.0000e+00 0.0000e+00 0.0000e+00 0.0000e+00 9.0000e+00 0.0000e+00 -3.0000e+00 -1.0000e+00 0.0000e+00 -2.0000e+00 -1.0000e+00 0.0000e+00 -1.0000e+00 -1.0000e+00 0.0000e+00 1.5708e+00 -3.0616e-17 1.1832e+00 3.6137e-01 1.0472e+00 0.0000e+00
2.4249e+01 0.0000e+00 0.0000e+00 1.0380e-03 0.0000e+00 0.0000e+00 1.6087e-04 0.0000e+00 0.0000e+00 0.0000e+00 0.0000e+00 0.0000e+00 0.0000e+00 0.0000e+00 -0.0000e+00 0.0000e+00 0.0000e+00 0.0000e+00 1.4146e+01 1.0000e+00 0.0000e+00 0.0000e+00 0.0000e+00 0.0000e+00 0.0000e+00 0.0000e+00 0.0000e+00 0.0000e+00 0.0000e+00 0.0000e+00 0.0000e+00 0.0000e+00 0.0000e+00 0.0000e+00 0.0000e+00 0.0000e+00 0.0000e+00 9.0000e+00 0.0000e+00 -3.0000e+00 -1.0000e+00 0.0000e+00 -2.0000e+00 -1.0000e+00 0.0000e+00 -1.0000e+00 -1.0000e+00 0.0000e+00 1.5708e+00 -3.0616e-17 1.1832e+00 3.6137e-01 1.0472e+00 0.0000e+00
